{"py/object": "sfsutils.spectrum.SFS2", "n": 21, "w": 11, "data": [[0.0, 2.0, 1.0, 0.0, 0.5, 0.0, 1.0, 0.5, 1.5, 0.0, 2.0, 0.0, 0.5, 0.0, 0.5, 0.0, 0.0, 1.5, 0.0, 0.0, 0.0], [2.0, 1503.0, 737.5, 445.0, 435.0, 266.5, 204.0, 146.0, 157.5, 112.5, 158.0, 100.5, 143.0, 107.5, 109.5, 126.5, 110.5, 92.0, 100.0, 154.0, 0.0], [1.0, 737.5, 612.0, 238.0, 247.5, 113.5, 126.0, 89.0, 126.0, 64.5, 75.0, 75.0, 106.0, 43.0, 50.5, 48.0, 69.5, 52.0, 113.5, 37.0, 0.0], [0.0, 445.0, 238.0, 309.0, 148.0, 81.0, 83.5, 57.5, 31.0, 37.5, 36.0, 53.5, 57.0, 33.5, 35.5, 29.5, 46.5, 87.0, 22.5, 28.5, 0.0], [0.5, 435.0, 247.5, 148.0, 263.0, 72.5, 95.0, 46.0, 77.0, 41.5, 76.0, 37.0, 51.5, 23.0, 37.0, 39.5, 81.0, 23.5, 25.0, 8.5, 0.0], [0.0, 266.5, 113.5, 81.0, 72.5, 127.0, 27.0, 24.5, 23.5, 29.5, 29.5, 20.5, 19.5, 21.5, 32.5, 85.5, 9.5, 5.5, 7.0, 7.5, 0.0], [1.0, 204.0, 126.0, 83.5, 95.0, 27.0, 103.0, 22.5, 22.0, 8.5, 45.0, 21.5, 25.5, 18.0, 61.5, 12.0, 9.5, 11.0, 5.0, 9.0, 0.0], [0.5, 146.0, 89.0, 57.5, 46.0, 24.5, 22.5, 82.0, 34.5, 15.0, 16.5, 10.5, 31.0, 53.0, 2.5, 8.5, 5.5, 8.5, 7.5, 5.5, 0.0], [1.5, 157.5, 126.0, 31.0, 77.0, 23.5, 22.0, 34.5, 141.0, 9.0, 25.5, 9.0, 85.5, 18.0, 11.0, 4.5, 15.0, 8.5, 5.5, 2.0, 0.0], [0.0, 112.5, 64.5, 37.5, 41.5, 29.5, 8.5, 15.0, 9.0, 76.0, 18.5, 45.0, 9.5, 6.5, 4.5, 3.0, 4.0, 2.0, 3.5, 1.5, 0.0], [2.0, 158.0, 75.0, 36.0, 76.0, 29.5, 45.0, 16.5, 25.5, 18.5, 222.0, 16.0, 11.5, 3.0, 9.5, 5.0, 9.0, 9.5, 2.5, 1.0, 0.0], [0.0, 100.5, 75.0, 53.5, 37.0, 20.5, 21.5, 10.5, 9.0, 45.0, 16.0, 66.0, 12.0, 2.5, 8.5, 2.5, 6.0, 1.5, 6.5, 1.0, 0.0], [0.5, 143.0, 106.0, 57.0, 51.5, 19.5, 25.5, 31.0, 85.5, 9.5, 11.5, 12.0, 111.0, 6.5, 5.5, 6.0, 10.5, 5.0, 6.0, 0.5, 0.0], [0.0, 107.5, 43.0, 33.5, 23.0, 21.5, 18.0, 53.0, 18.0, 6.5, 3.0, 2.5, 6.5, 62.0, 5.0, 10.0, 7.5, 3.0, 2.5, 11.5, 0.0], [0.5, 109.5, 50.5, 35.5, 37.0, 32.5, 61.5, 2.5, 11.0, 4.5, 9.5, 8.5, 5.5, 5.0, 85.0, 25.0, 3.0, 5.5, 3.0, 4.5, 0.0], [0.0, 126.5, 48.0, 29.5, 39.5, 85.5, 12.0, 8.5, 4.5, 3.0, 5.0, 2.5, 6.0, 10.0, 25.0, 78.0, 6.0, 6.0, 3.0, 3.0, 0.0], [0.0, 110.5, 69.5, 46.5, 81.0, 9.5, 9.5, 5.5, 15.0, 4.0, 9.0, 6.0, 10.5, 7.5, 3.0, 6.0, 73.0, 8.5, 5.5, 11.0, 0.0], [1.5, 92.0, 52.0, 87.0, 23.5, 5.5, 11.0, 8.5, 8.5, 2.0, 9.5, 1.5, 5.0, 3.0, 5.5, 6.0, 8.5, 57.0, 4.0, 2.5, 0.0], [0.0, 100.0, 113.5, 22.5, 25.0, 7.0, 5.0, 7.5, 5.5, 3.5, 2.5, 6.5, 6.0, 2.5, 3.0, 3.0, 5.5, 4.0, 59.0, 6.5, 0.0], [0.0, 154.0, 37.0, 28.5, 8.5, 7.5, 9.0, 5.5, 2.0, 1.5, 1.0, 1.0, 0.5, 11.5, 4.5, 3.0, 11.0, 2.5, 6.5, 75.0, 0.0], [0.0, 0.0, 0.0, 0.0, 0.0, 0.0, 0.0, 0.0, 0.0, 0.0, 0.0, 0.0, 0.0, 0.0, 0.0, 0.0, 0.0, 0.0, 0.0, 0.0, 0.0]]}